400
61.944444
2.200489
4.465639
-4.676857
-18.149208
-33.607603
52.721491
-6.613265
27.501230
32.105850
14.222186
-26.917726
-78.374767
12.064305
13.008274
5.223734
-42.864815
47.587138
51.813169
-32.928876
-28.145697
-3.228743
-35.962093
-15.097682
-28.775710
0.467414
-1.181218
-49.040603
-16.920501
20.530541
-17.610239
37.000787
6.955402
0.769833
5.244051
-29.609136
26.757958
-32.590694
6.526295
-3.478692
10.681207
-27.128158
-2.136928
16.945590
-36.019280
-31.352223
4.401989
26.275411
22.726339
16.395110
-48.898142
-7.312518
-31.494168
14.423186
10.920900
21.666144
9.705086
-2.345493
2.843942
20.895740
23.521737
-36.470068
-6.141166
-9.376458
25.245063
10.210659
22.113397
-38.865917
26.153865
15.694624
1.563303
12.786908
-13.916317
-6.586899
-23.198772
-22.842585
15.965484
-6.864928
21.285941
-8.614371
33.619681
-22.643126
-4.478450
-10.834815
-6.226258
-7.008809
-8.159099
4.553116
-1.772982
-1.763835
-6.119773
18.554518
3.198257
-8.419348
8.020663
11.312788
-7.833290
11.499957
5.013495
-15.402715
0.051520
-4.607716
2.013049
-5.857580
-7.840884
2.646251
1.367099
-11.658494
2.597127
-8.520504
10.993978
1.527936
5.044458
-4.525696
-1.702596
14.851826
14.345377
1.981166
2.119021
-2.307391
19.507157
-21.314107
3.093778
11.069656
5.107601
17.756770
8.478476
-5.912322
-3.413798
-0.205980
8.980028
-3.139779
-4.509511
-8.348813
-14.351252
-13.730487
12.724579
5.760901
21.810986
-10.447829
-10.785728
-13.297825
-0.359620
2.170082
10.477863
7.201785
-16.242091
-8.231330
5.653207
7.200099
-5.061503
15.522389
-3.073408
-7.126139
-7.103456
-2.557226
-9.596161
-7.051705
10.834037
11.788384
3.449672
2.968167
12.495691
5.158242
9.579402
13.812510
-1.096872
17.930498
-10.223866
-2.258841
5.699851
8.738266
4.315289
1.635997
-6.261068
18.220966
-10.985499
15.586541
-8.809863
1.505812
-16.702855
9.728831
-0.959675
-3.978674
10.679383
4.159221
-11.068506
-8.848019
0.531174
-9.723551
-4.297252
-0.195903
9.753909
-9.065973
5.559459
-21.242564
8.774831
-5.676942
0.045238
-19.125342
2.264926
9.227734
-12.205191
6.741516
3.279601
0.700148
-3.612788
-8.506003
13.837063
9.592473
-11.002666
8.980559
-3.703100
1.005840
8.051675
14.814013
-4.393908
-9.537622
4.456278
14.770908
-20.391566
13.477910
-10.135174
-1.971387
-2.487313
17.755375
-11.658358
-3.315789
6.069346
-1.777419
14.620202
-3.130520
0.037119
-2.708529
-3.857971
-4.203364
-4.870020
3.974964
-3.413056
4.786214
-6.112265
-14.477391
-1.208258
0.455455
12.703183
0.736937
-7.254628
-8.027840
5.365492
-0.781778
3.321844
1.951538
11.941645
-1.175066
17.475030
-3.291493
-3.702784
-5.558770
1.013385
-10.515946
-4.578915
-0.017790
7.746604
-0.901731
-3.505176
-10.485011
12.751797
2.842132
-19.763629
-3.559039
6.273325
8.769092
0.096646
-0.863352
-0.983456
-4.671618
6.477020
-1.272257
3.147575
2.152790
-6.712346
-4.017768
-4.107422
2.832482
1.356548
-5.718349
2.537717
8.507654
-15.312570
3.040936
-5.845260
4.682086
1.198345
-0.580929
6.106746
-3.043651
5.289833
9.457433
5.022143
-3.359531
9.961254
8.698392
-4.263482
7.674163
-9.788873
-5.188861
7.836497
-7.492374
-6.968124
5.030823
-3.262348
-2.969574
4.114963
-7.843293
3.826021
4.843626
6.103905
5.938380
5.296101
-5.085335
-9.455712
5.903480
-1.812961
-2.733252
-8.698158
-0.391221
-0.606394
-14.436189
8.099066
5.117222
5.233882
3.981521
5.788666
8.201406
12.246042
-2.670810
-9.470638
6.660948
0.196140
-3.928387
-2.020190
0.059510
-1.772456
-3.308543
-0.934379
13.422359
-0.353916
2.538041
-5.474407
-0.042296
1.726053
0.116557
2.294138
-2.095940
2.225370
-1.687036
-4.937280
11.738418
2.086889
-1.459463
-10.468469
1.859425
-0.296067
-0.927018
-7.626402
10.950142
-4.405963
5.320516
2.305507
-1.091890
-2.996689
-1.866528
-14.009044
3.121895
10.583448
7.640119
8.468023
-0.435493
-0.095154
-0.338316
-0.104555
-2.425528
-0.400851
-1.599478
1.261056
-0.384211
-0.948957
1.184364
0.469924
-0.850616
0.502049
-0.326650
-1.525691
0.724110
-1.356735
0.267123
0.427887
1.016244
-0.509458
0.000000
